 home_win_pct | away_win_pct | draw_pct 
--------------+--------------+----------
        45.87 |        28.74 |    25.39
(1 row)

          team_name           | home_played | home_wins | home_win_pct | away_played | away_wins | away_win_pct | home_advantage_pct 
------------------------------+-------------+-----------+--------------+-------------+-----------+--------------+--------------------
 CD Numancia                  |          19 |         9 |        47.37 |          19 |         1 |         5.26 |              42.11
 Catania                      |         113 |        57 |        50.44 |         111 |        10 |         9.01 |              41.43
 Amadora                      |          15 |         7 |        46.67 |          15 |         1 |         6.67 |              40.00
 CD Tenerife                  |          19 |         8 |        42.11 |          19 |         1 |         5.26 |              36.84
 Royal Excel Mouscron         |          17 |         9 |        52.94 |          17 |         3 |        17.65 |              35.29
 Manchester City              |         152 |       113 |        74.34 |         152 |        62 |        40.79 |              33.55
 SC Bastia                    |          76 |        38 |        50.00 |          76 |        13 |        17.11 |              32.89
 RCD Mallorca                 |          95 |        49 |        51.58 |          95 |        18 |        18.95 |              32.63
 Jagiellonia Białystok        |         120 |        63 |        52.50 |         120 |        24 |        20.00 |              32.50
 Palermo                      |         133 |        67 |        50.38 |         133 |        24 |        18.05 |              32.33
 Villarreal CF                |         133 |        77 |        57.89 |         133 |        35 |        26.32 |              31.58
 SC Cambuur                   |          51 |        20 |        39.22 |          51 |         4 |         7.84 |              31.37
 Tubize                       |          17 |         6 |        35.29 |          17 |         1 |         5.88 |              29.41
 Uniao da Madeira             |          17 |         6 |        35.29 |          17 |         1 |         5.88 |              29.41
 FC Volendam                  |          17 |         6 |        35.29 |          17 |         1 |         5.88 |              29.41
 SC Braga                     |         124 |        81 |        65.32 |         124 |        45 |        36.29 |              29.03
 Valenciennes FC              |         114 |        49 |        42.98 |         114 |        16 |        14.04 |              28.95
 Fulham                       |         114 |        52 |        45.61 |         114 |        19 |        16.67 |              28.95
 KV Kortrijk                  |         106 |        56 |        52.83 |         106 |        26 |        24.53 |              28.30
 Sevilla FC                   |         152 |        91 |        59.87 |         152 |        48 |        31.58 |              28.29
 Genoa                        |         151 |        74 |        49.01 |         151 |        32 |        21.19 |              27.81
 FC Sochaux-Montbéliard       |         114 |        50 |        43.86 |         114 |        19 |        16.67 |              27.19
 Arka Gdynia                  |          45 |        16 |        35.56 |          45 |         4 |         8.89 |              26.67
 Górnik Łęczna                |          30 |        12 |        40.00 |          30 |         4 |        13.33 |              26.67
 Sparta Rotterdam             |          34 |        12 |        35.29 |          34 |         3 |         8.82 |              26.47
 Manchester United            |         152 |       116 |        76.32 |         152 |        76 |        50.00 |              26.32
 Hércules Club de Fútbol      |          19 |         7 |        36.84 |          19 |         2 |        10.53 |              26.32
 Real Sociedad                |         114 |        57 |        50.00 |         114 |        27 |        23.68 |              26.32
 Stoke City                   |         152 |        69 |        45.39 |         152 |        29 |        19.08 |              26.32
 Beerschot AC                 |          76 |        30 |        39.47 |          76 |        10 |        13.16 |              26.32
 FC Metz                      |          19 |         6 |        31.58 |          19 |         1 |         5.26 |              26.32
 Brescia                      |          19 |         6 |        31.58 |          19 |         1 |         5.26 |              26.32
 Udinese                      |         151 |        77 |        50.99 |         151 |        38 |        25.17 |              25.83
 FC Groningen                 |         136 |        72 |        52.94 |         136 |        37 |        27.21 |              25.74
 Atlético Madrid              |         152 |       103 |        67.76 |         152 |        64 |        42.11 |              25.66
 LOSC Lille                   |         152 |        93 |        61.18 |         152 |        54 |        35.53 |              25.66
 Club Brugge KV               |         106 |        75 |        70.75 |         106 |        48 |        45.28 |              25.47
 CA Osasuna                   |         114 |        48 |        42.11 |         114 |        19 |        16.67 |              25.44
 FC Sion                      |         143 |        70 |        48.95 |         143 |        34 |        23.78 |              25.17
 VVV-Venlo                    |          68 |        23 |        33.82 |          68 |         6 |         8.82 |              25.00
 Athletic Club de Bilbao      |         152 |        80 |        52.63 |         152 |        42 |        27.63 |              25.00
 Valencia CF                  |         152 |        90 |        59.21 |         152 |        52 |        34.21 |              25.00
 Napoli                       |         150 |        95 |        63.33 |         151 |        58 |        38.41 |              24.92
 Standard de Liège            |         106 |        66 |        62.26 |         106 |        40 |        37.74 |              24.53
 Polonia Bytom                |          45 |        18 |        40.00 |          45 |         7 |        15.56 |              24.44
 GKS Bełchatów                |          90 |        42 |        46.67 |          90 |        20 |        22.22 |              24.44
 RCD Espanyol                 |         152 |        67 |        44.08 |         152 |        30 |        19.74 |              24.34
 Hannover 96                  |         136 |        62 |        45.59 |         136 |        29 |        21.32 |              24.26
 Borussia Mönchengladbach     |         136 |        71 |        52.21 |         136 |        38 |        27.94 |              24.26
 FC Schalke 04                |         136 |        80 |        58.82 |         136 |        47 |        34.56 |              24.26
 Feyenoord                    |         136 |        86 |        63.24 |         136 |        53 |        38.97 |              24.26
 FC Utrecht                   |         136 |        69 |        50.74 |         136 |        36 |        26.47 |              24.26
 Śląsk Wrocław                |         120 |        59 |        49.17 |         120 |        30 |        25.00 |              24.17
 Montpellier Hérault SC       |         133 |        71 |        53.38 |         133 |        39 |        29.32 |              24.06
 Girondins de Bordeaux        |         152 |        81 |        53.29 |         152 |        45 |        29.61 |              23.68
 Levante UD                   |         114 |        48 |        42.11 |         114 |        21 |        18.42 |              23.68
 Portsmouth                   |          38 |        13 |        34.21 |          38 |         4 |        10.53 |              23.68
 KRC Genk                     |         106 |        61 |        57.55 |         106 |        36 |        33.96 |              23.58
 PSV                          |         136 |       105 |        77.21 |         136 |        73 |        53.68 |              23.53
 FC Ingolstadt 04             |          17 |         7 |        41.18 |          17 |         3 |        17.65 |              23.53
 FC Energie Cottbus           |          17 |         6 |        35.29 |          17 |         2 |        11.76 |              23.53
 Eintracht Braunschweig       |          17 |         5 |        29.41 |          17 |         1 |         5.88 |              23.53
 RKC Waalwijk                 |          68 |        25 |        36.76 |          68 |         9 |        13.24 |              23.53
 Atalanta                     |         132 |        55 |        41.67 |         131 |        24 |        18.32 |              23.35
 Zawisza Bydgoszcz            |          30 |        13 |        43.33 |          30 |         6 |        20.00 |              23.33
 Heart of Midlothian          |         133 |        66 |        49.62 |         133 |        35 |        26.32 |              23.31
 Real Sporting de Gijón       |          95 |        38 |        40.00 |          95 |        16 |        16.84 |              23.16
 Parma                        |         113 |        50 |        44.25 |         113 |        24 |        21.24 |              23.01
 VfL Wolfsburg                |         136 |        74 |        54.41 |         136 |        43 |        31.62 |              22.79
 West Ham United              |         133 |        55 |        41.35 |         133 |        25 |        18.80 |              22.56
 Oud-Heverlee Leuven          |          45 |        16 |        35.56 |          45 |         6 |        13.33 |              22.22
 Cracovia                     |         105 |        42 |        40.00 |         105 |        19 |        18.10 |              21.90
 Widzew Łódź                  |          60 |        23 |        38.33 |          60 |        10 |        16.67 |              21.67
 Roma                         |         151 |        97 |        64.24 |         152 |        65 |        42.76 |              21.48
 Cagliari                     |         132 |        52 |        39.39 |         132 |        24 |        18.18 |              21.21
 Frosinone                    |          19 |         6 |        31.58 |          19 |         2 |        10.53 |              21.05
 Stade de Reims               |          76 |        30 |        39.47 |          76 |        14 |        18.42 |              21.05
 Xerez Club Deportivo         |          19 |         6 |        31.58 |          19 |         2 |        10.53 |              21.05
 Sampdoria                    |         133 |        56 |        42.11 |         133 |        28 |        21.05 |              21.05
 UD Las Palmas                |          19 |         8 |        42.11 |          19 |         4 |        21.05 |              21.05
 Blackburn Rovers             |          76 |        29 |        38.16 |          76 |        13 |        17.11 |              21.05
 Bari                         |          38 |        13 |        34.21 |          38 |         5 |        13.16 |              21.05
 OGC Nice                     |         152 |        69 |        45.39 |         152 |        37 |        24.34 |              21.05
 RC Lens                      |          57 |        19 |        33.33 |          57 |         7 |        12.28 |              21.05
 NAC Breda                    |         119 |        48 |        40.34 |         119 |        23 |        19.33 |              21.01
 CD Nacional                  |         124 |        60 |        48.39 |         124 |        34 |        27.42 |              20.97
 FC Aarau                     |          72 |        25 |        34.72 |          72 |        10 |        13.89 |              20.83
 Legia Warszawa               |         120 |        81 |        67.50 |         120 |        56 |        46.67 |              20.83
 RSC Anderlecht               |         106 |        79 |        74.53 |         106 |        57 |        53.77 |              20.75
 Boavista FC                  |          34 |        12 |        35.29 |          34 |         5 |        14.71 |              20.59
 Everton                      |         152 |        76 |        50.00 |         152 |        45 |        29.61 |              20.39
 Lazio                        |         151 |        81 |        53.64 |         150 |        50 |        33.33 |              20.31
 CS Marítimo                  |         124 |        55 |        44.35 |         124 |        30 |        24.19 |              20.16
 Milan                        |         151 |        92 |        60.93 |         152 |        62 |        40.79 |              20.14
 Siena                        |          75 |        26 |        34.67 |          75 |        11 |        14.67 |              20.00
 Polonia Bytom                |         105 |        45 |        42.86 |         105 |        24 |        22.86 |              20.00
 Lech Poznań                  |         120 |        74 |        61.67 |         120 |        50 |        41.67 |              20.00
 KV Mechelen                  |         106 |        50 |        47.17 |         106 |        29 |        27.36 |              19.81
 KSV Cercle Brugge            |          91 |        38 |        41.76 |          91 |        20 |        21.98 |              19.78
 Real Zaragoza                |          76 |        29 |        38.16 |          76 |        14 |        18.42 |              19.74
 Norwich City                 |          76 |        27 |        35.53 |          76 |        12 |        15.79 |              19.74
 Real Madrid CF               |         152 |       129 |        84.87 |         152 |        99 |        65.13 |              19.74
 Getafe CF                    |         152 |        62 |        40.79 |         152 |        32 |        21.05 |              19.74
 BSC Young Boys               |         143 |        85 |        59.44 |         143 |        57 |        39.86 |              19.58
 Vitória Setúbal              |         124 |        41 |        33.06 |         124 |        17 |        13.71 |              19.35
 RC Deportivo de La Coruña    |         114 |        42 |        36.84 |         114 |        20 |        17.54 |              19.30
 FC Twente                    |         136 |        85 |        62.50 |         136 |        59 |        43.38 |              19.12
 PEC Zwolle                   |          68 |        31 |        45.59 |          68 |        18 |        26.47 |              19.12
 Paris Saint-Germain          |         152 |       102 |        67.11 |         152 |        73 |        48.03 |              19.08
 AS Saint-Étienne             |         152 |        75 |        49.34 |         152 |        46 |        30.26 |              19.08
 Olympique Lyonnais           |         152 |        91 |        59.87 |         152 |        62 |        40.79 |              19.08
 Grasshopper Club Zürich      |         143 |        71 |        49.65 |         143 |        44 |        30.77 |              18.88
 Fiorentina                   |         150 |        80 |        53.33 |         150 |        52 |        34.67 |              18.67
 1. FSV Mainz 05              |         119 |        55 |        46.22 |         119 |        33 |        27.73 |              18.49
 Málaga CF                    |         152 |        67 |        44.08 |         152 |        39 |        25.66 |              18.42
 FC Barcelona                 |         152 |       131 |        86.18 |         152 |       103 |        67.76 |              18.42
 Burnley                      |          38 |        11 |        28.95 |          38 |         4 |        10.53 |              18.42
 Birmingham City              |          38 |        14 |        36.84 |          38 |         7 |        18.42 |              18.42
 Ross County FC               |          76 |        32 |        42.11 |          76 |        18 |        23.68 |              18.42
 Heracles Almelo              |         136 |        59 |        43.38 |         136 |        34 |        25.00 |              18.38
 FC Bayern Munich             |         136 |       109 |        80.15 |         136 |        84 |        61.76 |              18.38
 Ajax                         |         136 |       103 |        75.74 |         136 |        78 |        57.35 |              18.38
 FC Basel                     |         143 |       103 |        72.03 |         143 |        77 |        53.85 |              18.18
 Newcastle United             |         133 |        53 |        39.85 |         133 |        29 |        21.80 |              18.05
 FC Lorient                   |         152 |        62 |        40.79 |         152 |        35 |        23.03 |              17.76
 Fortuna Düsseldorf           |          17 |         5 |        29.41 |          17 |         2 |        11.76 |              17.65
 Willem II                    |         102 |        31 |        30.39 |         102 |        13 |        12.75 |              17.65
 AZ                           |         136 |        82 |        60.29 |         136 |        58 |        42.65 |              17.65
 KVC Westerlo                 |          91 |        35 |        38.46 |          91 |        19 |        20.88 |              17.58
 Hellas Verona                |          57 |        21 |        36.84 |          57 |        11 |        19.30 |              17.54
 AC Ajaccio                   |          57 |        16 |        28.07 |          57 |         6 |        10.53 |              17.54
 Inter                        |         151 |        90 |        59.60 |         152 |        64 |        42.11 |              17.50
 FC Luzern                    |         143 |        65 |        45.45 |         143 |        40 |        27.97 |              17.48
 Chelsea                      |         152 |       101 |        66.45 |         152 |        75 |        49.34 |              17.11
 Real Valladolid              |          76 |        25 |        32.89 |          76 |        12 |        15.79 |              17.11
 Évian Thonon Gaillard FC     |          76 |        29 |        38.16 |          76 |        16 |        21.05 |              17.11
 FC Lausanne-Sports           |          53 |        16 |        30.19 |          53 |         7 |        13.21 |              16.98
 FC Porto                     |         124 |       102 |        82.26 |         124 |        81 |        65.32 |              16.94
 SV Werder Bremen             |         136 |        56 |        41.18 |         136 |        33 |        24.26 |              16.91
 SC Heerenveen                |         136 |        65 |        47.79 |         136 |        42 |        30.88 |              16.91
 Rayo Vallecano               |          95 |        41 |        43.16 |          95 |        25 |        26.32 |              16.84
 N.E.C.                       |         119 |        44 |        36.97 |         119 |        24 |        20.17 |              16.81
 Eintracht Frankfurt          |         119 |        46 |        38.66 |         119 |        26 |        21.85 |              16.81
 Wisła Kraków                 |         120 |        64 |        53.33 |         120 |        44 |        36.67 |              16.67
 AC Bellinzona                |          54 |        17 |        31.48 |          54 |         8 |        14.81 |              16.67
 Pogoń Szczecin               |          60 |        26 |        43.33 |          60 |        16 |        26.67 |              16.67
 Lugano                       |          18 |         6 |        33.33 |          18 |         3 |        16.67 |              16.67
 Odra Wodzisław               |          30 |        10 |        33.33 |          30 |         5 |        16.67 |              16.67
 Sporting Charleroi           |          91 |        35 |        38.46 |          91 |        20 |        21.98 |              16.48
 Tottenham Hotspur            |         152 |        88 |        57.89 |         152 |        63 |        41.45 |              16.45
 FC Arouca                    |          49 |        18 |        36.73 |          49 |        10 |        20.41 |              16.33
 Korona Kielce                |         105 |        43 |        40.95 |         105 |        26 |        24.76 |              16.19
 Excelsior                    |          68 |        19 |        27.94 |          68 |         8 |        11.76 |              16.18
 Gil Vicente FC               |          62 |        18 |        29.03 |          62 |         8 |        12.90 |              16.13
 FC Thun                      |         107 |        44 |        41.12 |         107 |        27 |        25.23 |              15.89
 Middlesbrough                |          19 |         5 |        26.32 |          19 |         2 |        10.53 |              15.79
 Torino                       |          95 |        36 |        37.89 |          95 |        21 |        22.11 |              15.79
 Stade Brestois 29            |          57 |        18 |        31.58 |          57 |         9 |        15.79 |              15.79
 Southampton                  |          76 |        36 |        47.37 |          76 |        24 |        31.58 |              15.79
 Empoli                       |          38 |        13 |        34.21 |          38 |         7 |        18.42 |              15.79
 Dijon FCO                    |          19 |         6 |        31.58 |          19 |         3 |        15.79 |              15.79
 SD Eibar                     |          38 |        13 |        34.21 |          38 |         7 |        18.42 |              15.79
 Arsenal                      |         152 |        97 |        63.82 |         152 |        73 |        48.03 |              15.79
 Le Mans FC                   |          38 |        12 |        31.58 |          38 |         6 |        15.79 |              15.79
 Carpi                        |          19 |         6 |        31.58 |          19 |         3 |        15.79 |              15.79
 En Avant de Guingamp         |          57 |        23 |        40.35 |          57 |        14 |        24.56 |              15.79
 Cardiff City                 |          19 |         5 |        26.32 |          19 |         2 |        10.53 |              15.79
 Estoril Praia                |          64 |        30 |        46.88 |          64 |        20 |        31.25 |              15.63
 KAA Gent                     |         109 |        63 |        57.80 |         109 |        46 |        42.20 |              15.60
 União de Leiria, SAD         |          45 |        15 |        33.33 |          45 |         8 |        17.78 |              15.56
 ADO Den Haag                 |         136 |        50 |        36.76 |         136 |        29 |        21.32 |              15.44
 SL Benfica                   |         124 |       102 |        82.26 |         124 |        83 |        66.94 |              15.32
 KV Oostende                  |          33 |        17 |        51.52 |          33 |        12 |        36.36 |              15.15
 RAEC Mons                    |          47 |        16 |        34.04 |          47 |         9 |        19.15 |              14.89
 UD Almería                   |          95 |        31 |        32.63 |          95 |        17 |        17.89 |              14.74
 Go Ahead Eagles              |          34 |        11 |        32.35 |          34 |         6 |        17.65 |              14.71
 Bolton Wanderers             |          76 |        27 |        35.53 |          76 |        16 |        21.05 |              14.47
 FC Nantes                    |          76 |        28 |        36.84 |          76 |        17 |        22.37 |              14.47
 Liverpool                    |         152 |        86 |        56.58 |         152 |        64 |        42.11 |              14.47
 Celtic                       |         152 |       120 |        78.95 |         152 |        98 |        64.47 |              14.47
 Roda JC Kerkrade             |         119 |        44 |        36.97 |         119 |        27 |        22.69 |              14.29
 West Bromwich Albion         |         133 |        47 |        35.34 |         133 |        28 |        21.05 |              14.29
 Queens Park Rangers          |          57 |        15 |        26.32 |          57 |         7 |        12.28 |              14.04
 Borussia Dortmund            |         136 |        88 |        64.71 |         136 |        69 |        50.74 |              13.97
 Toulouse FC                  |         152 |        62 |        40.79 |         152 |        41 |        26.97 |              13.82
 SC Freiburg                  |         102 |        38 |        37.25 |         102 |        24 |        23.53 |              13.73
 Juventus                     |         151 |       105 |        69.54 |         150 |        84 |        56.00 |              13.54
 Portimonense                 |          15 |         4 |        26.67 |          15 |         2 |        13.33 |              13.33
 Lechia Gdańsk                |         120 |        47 |        39.17 |         120 |        31 |        25.83 |              13.33
 Termalica Bruk-Bet Nieciecza |          15 |         5 |        33.33 |          15 |         3 |        20.00 |              13.33
 Royal Excel Mouscron         |          30 |         9 |        30.00 |          30 |         5 |        16.67 |              13.33
 Ruch Chorzów                 |         120 |        54 |        45.00 |         120 |        38 |        31.67 |              13.33
 De Graafschap                |          68 |        18 |        26.47 |          68 |         9 |        13.24 |              13.24
 Sunderland                   |         152 |        49 |        32.24 |         152 |        29 |        19.08 |              13.16
 Hull City                    |          76 |        21 |        27.63 |          76 |        11 |        14.47 |              13.16
 Grenoble Foot 38             |          38 |        10 |        26.32 |          38 |         5 |        13.16 |              13.16
 Livorno                      |          38 |         9 |        23.68 |          38 |         4 |        10.53 |              13.16
 FC St. Gallen                |         108 |        43 |        39.81 |         108 |        29 |        26.85 |              12.96
 1. FC Nürnberg               |          85 |        30 |        35.29 |          85 |        19 |        22.35 |              12.94
 KSV Roeselare                |          31 |         8 |        25.81 |          31 |         4 |        12.90 |              12.90
 FC Paços de Ferreira         |         124 |        48 |        38.71 |         124 |        32 |        25.81 |              12.90
 Lierse SK                    |          63 |        15 |        23.81 |          63 |         7 |        11.11 |              12.70
 Neuchâtel Xamax              |          63 |        22 |        34.92 |          63 |        14 |        22.22 |              12.70
 Swansea City                 |          95 |        37 |        38.95 |          95 |        25 |        26.32 |              12.63
 SM Caen                      |          95 |        34 |        35.79 |          95 |        22 |        23.16 |              12.63
 Hamburger SV                 |         136 |        55 |        40.44 |         136 |        38 |        27.94 |              12.50
 TSG 1899 Hoffenheim          |         136 |        52 |        38.24 |         136 |        35 |        25.74 |              12.50
 VfB Stuttgart                |         136 |        58 |        42.65 |         136 |        41 |        30.15 |              12.50
 Wolverhampton Wanderers      |          57 |        16 |        28.07 |          57 |         9 |        15.79 |              12.28
 Piast Gliwice                |          90 |        38 |        42.22 |          90 |        27 |        30.00 |              12.22
 Zagłębie Lubin               |          90 |        35 |        38.89 |          90 |        24 |        26.67 |              12.22
 AJ Auxerre                   |          76 |        31 |        40.79 |          76 |        22 |        28.95 |              11.84
 FC Dordrecht                 |          17 |         3 |        17.65 |          17 |         1 |         5.88 |              11.76
 Karlsruher SC                |          17 |         5 |        29.41 |          17 |         3 |        17.65 |              11.76
 SV Zulte-Waregem             |         106 |        45 |        42.45 |         106 |        33 |        31.13 |              11.32
 Vitória Guimarães            |         124 |        53 |        42.74 |         124 |        39 |        31.45 |              11.29
 Académica de Coimbra         |         124 |        35 |        28.23 |         124 |        21 |        16.94 |              11.29
 Sporting CP                  |         124 |        79 |        63.71 |         124 |        65 |        52.42 |              11.29
 Olympique de Marseille       |         152 |        80 |        52.63 |         152 |        63 |        41.45 |              11.18
 Dundee United                |         152 |        66 |        43.42 |         152 |        49 |        32.24 |              11.18
 Novara                       |          18 |         4 |        22.22 |          18 |         2 |        11.11 |              11.11
 Motherwell                   |         151 |        69 |        45.70 |         153 |        53 |        34.64 |              11.05
 Bayer 04 Leverkusen          |         136 |        76 |        55.88 |         136 |        61 |        44.85 |              11.03
 Vitesse                      |         136 |        60 |        44.12 |         136 |        45 |        33.09 |              11.03
 Bologna                      |         131 |        41 |        31.30 |         132 |        27 |        20.45 |              10.84
 Hertha BSC Berlin            |         102 |        38 |        37.25 |         102 |        27 |        26.47 |              10.78
 P. Warszawa                  |          75 |        34 |        45.33 |          75 |        26 |        34.67 |              10.67
 FC Augsburg                  |          85 |        32 |        37.65 |          85 |        23 |        27.06 |              10.59
 Pescara                      |          19 |         4 |        21.05 |          19 |         2 |        10.53 |              10.53
 Leicester City               |          38 |        19 |        50.00 |          38 |        15 |        39.47 |              10.53
 GFC Ajaccio                  |          19 |         5 |        26.32 |          19 |         3 |        15.79 |              10.53
 Reading                      |          19 |         4 |        21.05 |          19 |         2 |        10.53 |              10.53
 Elche CF                     |          38 |        12 |        31.58 |          38 |         8 |        21.05 |              10.53
 Granada CF                   |          95 |        31 |        32.63 |          95 |        21 |        22.11 |              10.53
 Stade Rennais FC             |         152 |        63 |        41.45 |         152 |        48 |        31.58 |               9.87
 AS Monaco                    |         114 |        53 |        46.49 |         114 |        42 |        36.84 |               9.65
 Aberdeen                     |         152 |        67 |        44.08 |         152 |        53 |        34.87 |               9.21
 Cesena                       |          55 |        12 |        21.82 |          55 |         7 |        12.73 |               9.09
 SC Beira Mar                 |          45 |        12 |        26.67 |          45 |         8 |        17.78 |               8.89
 Naval 1° de Maio             |          45 |        13 |        28.89 |          45 |         9 |        20.00 |               8.89
 Rio Ave FC                   |         124 |        43 |        34.68 |         124 |        32 |        25.81 |               8.87
 CF Os Belenenses             |          79 |        22 |        27.85 |          79 |        15 |        18.99 |               8.86
 Sint-Truidense VV            |          59 |        18 |        30.51 |          59 |        13 |        22.03 |               8.47
 Waasland-Beveren             |          48 |        14 |        29.17 |          48 |        10 |        20.83 |               8.33
 S.C. Olhanense               |          75 |        19 |        25.33 |          75 |        13 |        17.33 |               8.00
 Falkirk                      |          38 |         9 |        23.68 |          38 |         6 |        15.79 |               7.89
 RC Celta de Vigo             |          76 |        30 |        39.47 |          76 |        24 |        31.58 |               7.89
 ES Troyes AC                 |          38 |         7 |        18.42 |          38 |         4 |        10.53 |               7.89
 Sporting Lokeren             |         106 |        41 |        38.68 |         106 |        33 |        31.13 |               7.55
 Feirense                     |          15 |         3 |        20.00 |          15 |         2 |        13.33 |               6.67
 KAS Eupen                    |          15 |         3 |        20.00 |          15 |         2 |        13.33 |               6.67
 Trofense                     |          15 |         3 |        20.00 |          15 |         2 |        13.33 |               6.67
 Kilmarnock                   |         152 |        48 |        31.58 |         152 |        38 |        25.00 |               6.58
 St. Johnstone FC             |         132 |        53 |        40.15 |         134 |        45 |        33.58 |               6.57
 Real Betis Balompié          |          95 |        31 |        32.63 |          95 |        25 |        26.32 |               6.32
 Wigan Athletic               |          95 |        28 |        29.47 |          95 |        22 |        23.16 |               6.32
 FC Penafiel                  |          17 |         3 |        17.65 |          17 |         2 |        11.76 |               5.88
 FCV Dender EH                |          17 |         5 |        29.41 |          17 |         4 |        23.53 |               5.88
 SC Paderborn 07              |          17 |         4 |        23.53 |          17 |         3 |        17.65 |               5.88
 Servette FC                  |          35 |        11 |        31.43 |          35 |         9 |        25.71 |               5.71
 St. Mirren                   |         133 |        34 |        25.56 |         133 |        27 |        20.30 |               5.26
 Le Havre AC                  |          19 |         4 |        21.05 |          19 |         3 |        15.79 |               5.26
 AC Arles-Avignon             |          19 |         2 |        10.53 |          19 |         1 |         5.26 |               5.26
 US Boulogne Cote D'Opale     |          19 |         4 |        21.05 |          19 |         3 |        15.79 |               5.26
 Sassuolo                     |          57 |        20 |        35.09 |          57 |        17 |        29.82 |               5.26
 Rangers                      |          76 |        56 |        73.68 |          76 |        52 |        68.42 |               5.26
 Crystal Palace               |          57 |        20 |        35.09 |          57 |        17 |        29.82 |               5.26
 Dundee FC                    |          58 |        16 |        27.59 |          56 |        13 |        23.21 |               4.37
 AS Nancy-Lorraine            |          95 |        30 |        31.58 |          95 |        26 |        27.37 |               4.21
 Lecce                        |          55 |        13 |        23.64 |          56 |        11 |        19.64 |               3.99
 Racing Santander             |          76 |        20 |        26.32 |          76 |        17 |        22.37 |               3.95
 1. FC Köln                   |         102 |        32 |        31.37 |         102 |        28 |        27.45 |               3.92
 Leixões SC                   |          30 |         9 |        30.00 |          30 |         8 |        26.67 |               3.33
 Chievo Verona                |         152 |        46 |        30.26 |         151 |        41 |        27.15 |               3.11
 VfL Bochum                   |          34 |         7 |        20.59 |          34 |         6 |        17.65 |               2.94
 FC Zürich                    |         143 |        62 |        43.36 |         143 |        58 |        40.56 |               2.80
 Aston Villa                  |         152 |        45 |        29.61 |         152 |        41 |        26.97 |               2.63
 FC Vaduz                     |          54 |        10 |        18.52 |          54 |         9 |        16.67 |               1.85
 Hibernian                    |         115 |        33 |        28.70 |         113 |        32 |        28.32 |               0.38
 Watford                      |          19 |         6 |        31.58 |          19 |         6 |        31.58 |               0.00
 RC Recreativo                |          19 |         4 |        21.05 |          19 |         4 |        21.05 |               0.00
 Partick Thistle F.C.         |          57 |        16 |        28.07 |          57 |        16 |        28.07 |               0.00
 Blackpool                    |          19 |         5 |        26.32 |          19 |         5 |        26.32 |               0.00
 FC St. Pauli                 |          17 |         4 |        23.53 |          17 |         4 |        23.53 |               0.00
 Reggio Calabria              |          19 |         3 |        15.79 |          19 |         3 |        15.79 |               0.00
 Inverness Caledonian Thistle |         133 |        48 |        36.09 |         133 |        48 |        36.09 |               0.00
 DSC Arminia Bielefeld        |          17 |         2 |        11.76 |          17 |         2 |        11.76 |               0.00
 Moreirense FC                |          49 |        12 |        24.49 |          49 |        13 |        26.53 |              -2.04
 1. FC Kaiserslautern         |          34 |         8 |        23.53 |          34 |         9 |        26.47 |              -2.94
 Widzew Łódź                  |          30 |         7 |        23.33 |          30 |         8 |        26.67 |              -3.33
 Hamilton Academical FC       |          95 |        26 |        27.37 |          95 |        30 |        31.58 |              -4.21
 Córdoba CF                   |          19 |         1 |         5.26 |          19 |         2 |        10.53 |              -5.26
 Bournemouth                  |          19 |         5 |        26.32 |          19 |         6 |        31.58 |              -5.26
 Angers SCO                   |          19 |         6 |        31.58 |          19 |         7 |        36.84 |              -5.26
 Podbeskidzie Bielsko-Biała   |          75 |        19 |        25.33 |          75 |        23 |        30.67 |              -5.33
 Tondela                      |          17 |         3 |        17.65 |          17 |         5 |        29.41 |             -11.76
 Dunfermline Athletic         |          19 |         1 |         5.26 |          19 |         4 |        21.05 |             -15.79
 SpVgg Greuther Fürth         |          17 |         0 |         0.00 |          17 |         4 |        23.53 |             -23.53
 SV Darmstadt 98              |          17 |         2 |        11.76 |          17 |         7 |        41.18 |             -29.41
(299 rows)

